2000.0 2000.0 2000.0 2000.0 2000.0 
2000.0 2000.0 2000.0 2000.0 2000.0 
2000.0 2000.0 2000.0 2000.0 2000.0 
2000.0 2000.0 2000.0 2000.0 2000.0 
2000.0 2000.0 2000.0 2000.0 2000.0 
2000.0 2000.0 2000.0 2000.0 2000.0 
3000.0 3000.0 3000.0 3000.0 3000.0 
3000.0 3000.0 3000.0 3000.0 3000.0 
3000.0 3000.0 3000.0 3000.0 3000.0 
3000.0 3000.0 3000.0 3000.0 3000.0 
3000.0 3000.0 3000.0 3000.0 3000.0 
3000.0 3000.0 3000.0 3000.0 3000.0 
3000.0 3000.0 3000.0 3000.0 3000.0 
3500.0 3500.0 3500.0 3500.0 3500.0 
3500.0 3500.0 3500.0 3500.0 3500.0 
3500.0 3500.0 3500.0 3500.0 3500.0 
3500.0 3500.0 3500.0 3500.0 3500.0 
4000.0 4000.0 4000.0 4000.0 4000.0 
4000.0 4000.0 4000.0 4000.0 4000.0 
4000.0 4000.0 4000.0 4000.0 4000.0 

2000.0 2000.0 2000.0 2000.0 2000.0 
2000.0 2000.0 2000.0 2000.0 2000.0 
2000.0 2000.0 2000.0 2000.0 2000.0 
2000.0 2000.0 2000.0 2000.0 2000.0 
2000.0 2000.0 2000.0 2000.0 2000.0 
2000.0 2000.0 2000.0 2000.0 2000.0 
3000.0 3000.0 3000.0 3000.0 3000.0 
3000.0 3000.0 3000.0 3000.0 3000.0 
3000.0 3000.0 3000.0 3000.0 3000.0 
3000.0 3000.0 3000.0 3000.0 3000.0 
3000.0 3000.0 3000.0 3000.0 3000.0 
3000.0 3000.0 3000.0 3000.0 3000.0 
3000.0 3000.0 3000.0 3000.0 3000.0 
3500.0 3500.0 3500.0 3500.0 3500.0 
3500.0 3500.0 3500.0 3500.0 3500.0 
3500.0 3500.0 3500.0 3500.0 3500.0 
3500.0 3500.0 3500.0 3500.0 3500.0 
4000.0 4000.0 4000.0 4000.0 4000.0 
4000.0 4000.0 4000.0 4000.0 4000.0 
4000.0 4000.0 4000.0 4000.0 4000.0 

2000.0 2000.0 2000.0 2000.0 2000.0 
2000.0 2000.0 2000.0 2000.0 2000.0 
2000.0 2000.0 2000.0 2000.0 2000.0 
2000.0 2000.0 2000.0 2000.0 2000.0 
2000.0 2000.0 2000.0 2000.0 2000.0 
2000.0 2000.0 2000.0 2000.0 2000.0 
3000.0 3000.0 3000.0 3000.0 3000.0 
3000.0 3000.0 3000.0 3000.0 3000.0 
3000.0 3000.0 3000.0 3000.0 3000.0 
3000.0 3000.0 3000.0 3000.0 3000.0 
3000.0 3000.0 3000.0 3000.0 3000.0 
3000.0 3000.0 3000.0 3000.0 3000.0 
3000.0 3000.0 3000.0 3000.0 3000.0 
3500.0 3500.0 3500.0 3500.0 3500.0 
3500.0 3500.0 3500.0 3500.0 3500.0 
3500.0 3500.0 3500.0 3500.0 3500.0 
3500.0 3500.0 3500.0 3500.0 3500.0 
4000.0 4000.0 4000.0 4000.0 4000.0 
4000.0 4000.0 4000.0 4000.0 4000.0 
4000.0 4000.0 4000.0 4000.0 4000.0 

2000.0 2000.0 2000.0 2000.0 2000.0 
2000.0 2000.0 2000.0 2000.0 2000.0 
2000.0 2000.0 2000.0 2000.0 2000.0 
2000.0 2000.0 2000.0 2000.0 2000.0 
2000.0 2000.0 2000.0 2000.0 2000.0 
2000.0 2000.0 2000.0 2000.0 2000.0 
3000.0 3000.0 3000.0 3000.0 3000.0 
3000.0 3000.0 3000.0 3000.0 3000.0 
3000.0 3000.0 3000.0 3000.0 3000.0 
3000.0 3000.0 3000.0 3000.0 3000.0 
3000.0 3000.0 3000.0 3000.0 3000.0 
3000.0 3000.0 3000.0 3000.0 3000.0 
3000.0 3000.0 3000.0 3000.0 3000.0 
3500.0 3500.0 3500.0 3500.0 3500.0 
3500.0 3500.0 3500.0 3500.0 3500.0 
3500.0 3500.0 3500.0 3500.0 3500.0 
3500.0 3500.0 3500.0 3500.0 3500.0 
4000.0 4000.0 4000.0 4000.0 4000.0 
4000.0 4000.0 4000.0 4000.0 4000.0 
4000.0 4000.0 4000.0 4000.0 4000.0 

2000.0 2000.0 2000.0 2000.0 2000.0 
2000.0 2000.0 2000.0 2000.0 2000.0 
2000.0 2000.0 2000.0 2000.0 2000.0 
2000.0 2000.0 2000.0 2000.0 2000.0 
2000.0 2000.0 2000.0 2000.0 2000.0 
2000.0 2000.0 2000.0 2000.0 2000.0 
3000.0 3000.0 3000.0 3000.0 3000.0 
3000.0 3000.0 3000.0 3000.0 3000.0 
3000.0 3000.0 3000.0 3000.0 3000.0 
3000.0 3000.0 3000.0 3000.0 3000.0 
3000.0 3000.0 3000.0 3000.0 3000.0 
3000.0 3000.0 3000.0 3000.0 3000.0 
3000.0 3000.0 3000.0 3000.0 3000.0 
3500.0 3500.0 3500.0 3500.0 3500.0 
3500.0 3500.0 3500.0 3500.0 3500.0 
3500.0 3500.0 3500.0 3500.0 3500.0 
3500.0 3500.0 3500.0 3500.0 3500.0 
4000.0 4000.0 4000.0 4000.0 4000.0 
4000.0 4000.0 4000.0 4000.0 4000.0 
4000.0 4000.0 4000.0 4000.0 4000.0 

